26 0.815625 0.313194 0.0203125 0.0958333 0.250488
46 0.689062 0.586806 0.05625 0.0569444 0.268311
0 0.589063 0.420139 0.01875 0.106944 0.396729
0 0.767969 0.3625 0.0484375 0.208333 0.50293
45 0.259766 0.7625 0.102344 0.113889 0.540039
0 0.8 0.31875 0.0515625 0.193056 0.547852
0 0.657812 0.418056 0.06875 0.175 0.558105
0 0.167187 0.221528 0.075 0.209722 0.575684
0 0.391797 0.392361 0.0460938 0.315278 0.587891
0 0.71875 0.405556 0.071875 0.313889 0.694336
0 0.440625 0.395139 0.084375 0.379167 0.773438
0 0.248828 0.28125 0.0523437 0.109722 0.841309
0 0.550781 0.419444 0.0640625 0.3 0.870605
0 0.346875 0.385417 0.078125 0.506944 0.89209
0 0.894531 0.400694 0.117188 0.579167 0.915527
