26 0.817187 0.377083 0.021875 0.109722 0.25293
26 0.307813 0.500694 0.040625 0.151389 0.294922
8 0.777344 0.722222 0.44375 0.527778 0.297119
0 0.526563 0.416667 0.021875 0.0944444 0.29834
0 0.558594 0.45 0.0234375 0.0833333 0.334229
0 0.589844 0.448611 0.0203125 0.0916667 0.366455
46 0.792578 0.504861 0.0507812 0.0708333 0.389404
26 0.482812 0.427083 0.028125 0.0625 0.404053
0 0.791406 0.377083 0.0484375 0.193056 0.419678
25 0.511719 0.28125 0.0671875 0.109722 0.581543
0 0.701172 0.4125 0.0695312 0.355556 0.680176
0 0.498437 0.432639 0.0359375 0.259722 0.764648
0 0.328125 0.372917 0.0890625 0.581944 0.807129
45 0.273438 0.793056 0.101562 0.113889 0.86084
0 0.270312 0.405556 0.075 0.627778 0.861328
0 0.83125 0.382639 0.126563 0.451389 0.874023
0 0.748438 0.434028 0.05 0.329167 0.874023
0 0.422266 0.393056 0.121094 0.625 0.934082
