47 0.121875 0.811806 0.140625 0.204167 0.26709
25 0.580078 0.35625 0.0273438 0.0402778 0.27002
26 0.800781 0.383333 0.03125 0.0722222 0.280518
0 0.391016 0.459028 0.0929687 0.5125 0.33667
0 0.771094 0.381944 0.0578125 0.219444 0.380859
26 0.599219 0.396528 0.0359375 0.190278 0.382324
0 0.233984 0.295833 0.0335938 0.116667 0.436768
26 0.939062 0.341667 0.121875 0.283333 0.468018
0 0.272266 0.273611 0.0632813 0.286111 0.621582
26 0.263672 0.28125 0.0523437 0.168056 0.622559
0 0.460156 0.407639 0.173438 0.765278 0.761719
0 0.721875 0.421528 0.059375 0.315278 0.78125
45 0.251172 0.783333 0.100781 0.113889 0.829102
25 0.707812 0.181944 0.196875 0.119444 0.830078
0 0.889063 0.460417 0.129688 0.484722 0.856445
0 0.554688 0.436111 0.04375 0.233333 0.864746
0 0.329688 0.356944 0.078125 0.683333 0.875977
0 0.648438 0.449306 0.11875 0.556944 0.912109
