0 0.370703 0.452083 0.0382813 0.290278 0.360352
0 0.753516 0.397222 0.0335938 0.2 0.438721
26 0.392969 0.402083 0.0359375 0.0819444 0.456299
26 0.684766 0.457639 0.0382813 0.0902778 0.469727
46 0.722266 0.550694 0.0539063 0.0763889 0.561523
45 0.191406 0.891667 0.109375 0.144444 0.594727
0 0.729297 0.411111 0.0320312 0.161111 0.615234
0 0.226953 0.326389 0.0492188 0.0944444 0.643555
0 0.496094 0.480556 0.0203125 0.122222 0.681641
0 0.126953 0.259722 0.139844 0.202778 0.748535
0 0.478906 0.474306 0.0234375 0.145833 0.755859
0 0.664844 0.479861 0.0515625 0.306944 0.779785
0 0.411719 0.480556 0.0703125 0.366667 0.814941
0 0.328906 0.470139 0.0890625 0.3875 0.828613
25 0.376172 0.261806 0.127344 0.0791667 0.834473
0 0.696875 0.479861 0.05625 0.304167 0.834473
0 0.785156 0.488889 0.06875 0.472222 0.906738
0 0.532812 0.471528 0.05625 0.295833 0.945801
