45 0.830469 0.936111 0.0578125 0.1 0.267822
0 0.1375 0.49375 0.0421875 0.240278 0.307861
60 0.440625 0.622917 0.046875 0.0541667 0.43457
0 0.0527344 0.384722 0.0382813 0.0972222 0.474609
60 0.85625 0.95 0.275 0.0944444 0.510742
26 0.720312 0.944444 0.140625 0.105556 0.553223
56 0.519531 0.927778 0.104687 0.141667 0.595215
0 0.711328 0.5125 0.0945313 0.208333 0.637695
41 0.829687 0.934722 0.05625 0.0972222 0.703125
67 0.658984 0.659028 0.0789063 0.129167 0.73584
0 0.817187 0.499306 0.109375 0.2125 0.742188
74 0.914844 0.0833333 0.046875 0.105556 0.751953
56 0.432031 0.779167 0.0609375 0.197222 0.765625
0 0.525781 0.6375 0.135937 0.469444 0.843262
56 0.899219 0.86875 0.10625 0.1625 0.850098
45 0.260938 0.861111 0.071875 0.1 0.856934
0 0.864062 0.655556 0.196875 0.477778 0.898926
0 0.16875 0.607639 0.0859375 0.506944 0.916016
0 0.0722656 0.56875 0.0898438 0.404167 0.922852
0 0.658203 0.703472 0.236719 0.576389 0.937012
