0 0.191797 0.350694 0.0554687 0.184722 0.258057
0 0.50625 0.394444 0.021875 0.0944444 0.258789
0 0.498047 0.394444 0.0164062 0.0944444 0.275146
0 0.459375 0.394444 0.021875 0.116667 0.351318
0 0.206641 0.401389 0.0851562 0.286111 0.44165
0 0.376953 0.459722 0.0414063 0.216667 0.481445
0 0.0425781 0.561111 0.0851562 0.555556 0.724609
0 0.0601562 0.19375 0.11875 0.151389 0.724609
0 0.436719 0.438194 0.046875 0.2125 0.830078
0 0.25625 0.690278 0.126563 0.575 0.877441
0 0.531641 0.472222 0.0414063 0.225 0.88623
0 0.162109 0.591667 0.169531 0.8 0.902832
