46 0.725391 0.579861 0.0460938 0.0708333 0.258057
0 0.721875 0.402778 0.034375 0.1 0.325195
26 0.684375 0.493056 0.034375 0.075 0.361084
0 0.547266 0.504861 0.0210938 0.0791667 0.421631
26 0.763281 0.479861 0.046875 0.198611 0.451172
0 0.494922 0.4875 0.0226563 0.108333 0.506836
0 0.688281 0.504861 0.0546875 0.315278 0.647949
0 0.195312 0.382639 0.046875 0.115278 0.65918
0 0.119922 0.295833 0.0929687 0.2 0.782227
0 0.367188 0.488889 0.046875 0.288889 0.800293
0 0.517187 0.509722 0.040625 0.136111 0.800781
0 0.398828 0.491667 0.0382813 0.277778 0.802734
0 0.283594 0.488889 0.078125 0.425 0.859863
0 0.607813 0.495833 0.046875 0.183333 0.86084
0 0.760547 0.523611 0.113281 0.425 0.868164
0 0.438281 0.488889 0.0578125 0.288889 0.907227
