0 0.870313 0.339583 0.03125 0.148611 0.269775
0 0.480469 0.152778 0.0609375 0.158333 0.27002
0 0.507812 0.218056 0.0875 0.216667 0.287842
0 0.902344 0.297917 0.0203125 0.0958333 0.303955
72 0.285937 0.495139 0.564062 0.981944 0.305664
0 0.753906 0.370833 0.0578125 0.180556 0.484375
0 0.939844 0.341667 0.0375 0.144444 0.545898
0 0.466797 0.171528 0.117969 0.265278 0.615723
25 0.91875 0.173611 0.160938 0.197222 0.651855
0 0.600391 0.307639 0.0617188 0.323611 0.75
0 0.849219 0.382639 0.0359375 0.190278 0.76123
0 0.539844 0.484722 0.159375 0.502778 0.818848
0 0.644922 0.447222 0.0617188 0.344444 0.839355
45 0.583594 0.7625 0.0703125 0.0888889 0.872559
0 0.690625 0.369444 0.06875 0.266667 0.894043
0 0.720703 0.675694 0.178906 0.373611 0.925781
