26 0.257812 0.54375 0.0359375 0.140278 0.299072
0 0.412891 0.447222 0.0429688 0.294444 0.326172
0 0.446875 0.475694 0.04375 0.2375 0.422607
0 0.353125 0.243056 0.028125 0.194444 0.455078
26 0.346875 0.438889 0.0375 0.133333 0.485352
0 0.378125 0.454861 0.071875 0.379167 0.737305
0 0.661719 0.488889 0.0578125 0.211111 0.746094
0 0.797266 0.397222 0.144531 0.461111 0.756836
45 0.231641 0.83125 0.103906 0.115278 0.854004
0 0.714063 0.450694 0.071875 0.356944 0.887207
0 0.225781 0.436806 0.0828125 0.640278 0.915039
0 0.509375 0.473611 0.140625 0.722222 0.921875
0 0.283203 0.392361 0.180469 0.779167 0.937012
