0 0.725781 0.288889 0.025 0.05 0.270996
5 0.407813 0.281944 0.14375 0.130556 0.307129
26 0.334766 0.413889 0.0382813 0.1 0.315918
25 0.533594 0.327778 0.0953125 0.0388889 0.589844
0 0.446875 0.453472 0.040625 0.240278 0.621582
0 0.675781 0.460417 0.0515625 0.329167 0.695312
26 0.364844 0.349306 0.0265625 0.131944 0.779785
26 0.728906 0.411806 0.0609375 0.204167 0.830566
45 0.198437 0.829861 0.107813 0.120833 0.877441
0 0.325 0.443056 0.0625 0.377778 0.881836
0 0.522656 0.469444 0.0515625 0.263889 0.900391
0 0.401172 0.4375 0.0773437 0.444444 0.926758
0 0.216797 0.392361 0.203906 0.776389 0.935059
0 0.767969 0.451389 0.157813 0.425 0.936035
