0 0.376563 0.551389 0.059375 0.430556 0.308105
5 0.622656 0.338889 0.120312 0.166667 0.360107
0 0.0757812 0.528472 0.151562 0.815278 0.469238
6 0.622266 0.340972 0.121094 0.170833 0.510742
0 0.733594 0.478472 0.0609375 0.293056 0.646973
0 0.499609 0.521528 0.0335938 0.204167 0.662109
24 0.463672 0.439583 0.0585938 0.151389 0.699707
0 0.18125 0.414583 0.08125 0.265278 0.729004
0 0.660156 0.521528 0.0453125 0.290278 0.820312
25 0.208203 0.241667 0.119531 0.0916667 0.841309
0 0.619531 0.51875 0.05 0.329167 0.879883
0 0.292578 0.490278 0.174219 0.941667 0.898438
0 0.582812 0.522222 0.040625 0.322222 0.903809
0 0.54375 0.5375 0.06875 0.302778 0.912109
0 0.450781 0.513889 0.0859375 0.472222 0.913574
