0 0.770312 0.373611 0.0859375 0.258333 0.35083
0 0.745313 0.385417 0.0375 0.231944 0.366943
0 0.561719 0.361111 0.0125 0.0888889 0.377441
0 0.472656 0.400694 0.05625 0.131944 0.401611
0 0.547656 0.359722 0.0140625 0.0805556 0.450195
0 0.0523437 0.256944 0.0703125 0.369444 0.508301
0 0.471094 0.440972 0.117188 0.220833 0.545898
0 0.485938 0.289583 0.0359375 0.101389 0.562012
0 0.403906 0.423611 0.0953125 0.191667 0.653809
0 0.173047 0.422222 0.217969 0.841667 0.91748
0 0.832812 0.415972 0.109375 0.551389 0.918945
0 0.385547 0.392361 0.283594 0.773611 0.953125
