8 0.769531 0.708333 0.457812 0.505556 0.271973
26 0.682031 0.384028 0.0359375 0.106944 0.289551
0 0.419531 0.410417 0.0296875 0.254167 0.333252
0 0.363672 0.377083 0.0367187 0.131944 0.375732
0 0.571094 0.425 0.0265625 0.111111 0.41748
0 0.795703 0.319444 0.0382813 0.2 0.428223
0 0.146484 0.169444 0.0476562 0.0944444 0.470703
0 0.579687 0.436111 0.021875 0.0888889 0.520508
26 0.700781 0.369444 0.0421875 0.130556 0.547852
0 0.75625 0.340278 0.0625 0.161111 0.586914
45 0.254297 0.773611 0.100781 0.113889 0.795898
0 0.395312 0.422222 0.046875 0.311111 0.811035
0 0.623828 0.434028 0.0476562 0.173611 0.811523
0 0.534375 0.443056 0.0359375 0.141667 0.82666
0 0.466016 0.403472 0.0757812 0.393056 0.847656
0 0.298438 0.379167 0.1 0.647222 0.87793
0 0.215625 0.386111 0.125 0.772222 0.886719
0 0.685938 0.409722 0.096875 0.319444 0.908691
0 0.869531 0.395139 0.142188 0.548611 0.944336
