47 0.0902344 0.827778 0.153906 0.208333 0.312744
47 0.113281 0.863889 0.0671875 0.116667 0.363525
25 0.55625 0.363889 0.040625 0.05 0.382812
0 0.500781 0.433333 0.021875 0.125 0.395752
26 0.218359 0.4875 0.0476562 0.152778 0.591309
0 0.457812 0.436111 0.021875 0.238889 0.646973
0 0.524219 0.448611 0.0296875 0.180556 0.749023
26 0.772656 0.377778 0.0515625 0.211111 0.779785
25 0.517187 0.345833 0.0578125 0.0555556 0.780762
0 0.289453 0.372917 0.0789063 0.5625 0.806152
0 0.347266 0.408333 0.0632813 0.438889 0.834473
45 0.227734 0.794444 0.103906 0.116667 0.869141
0 0.229687 0.404167 0.103125 0.652778 0.879395
0 0.417188 0.409028 0.0796875 0.390278 0.922363
0 0.787109 0.415278 0.111719 0.447222 0.92627
0 0.625 0.422222 0.19375 0.838889 0.933105
