2 0.651563 0.0340278 0.114063 0.0680556 0.549805
2 0.441797 0.0263889 0.0492188 0.0527778 0.62207
2 0.291797 0.0256944 0.0726563 0.0513889 0.662598
2 0.374219 0.025 0.09375 0.05 0.732422
2 0.761719 0.0284722 0.071875 0.0541667 0.754883
2 0.972656 0.0270833 0.0546875 0.0541667 0.799316
2 0.910156 0.0270833 0.078125 0.0541667 0.851074
2 0.839844 0.0277778 0.06875 0.0527778 0.853027
2 0.55625 0.0638889 0.215625 0.127778 0.916504
2 0.157031 0.0881944 0.3125 0.176389 0.937988
0 0.667969 0.549306 0.173438 0.881944 0.956543
