2 0.650781 0.577778 0.0390625 0.0388889 0.302734
2 0.514844 0.560417 0.0640625 0.0486111 0.437988
2 0.225391 0.540278 0.0960938 0.0333333 0.453857
2 0.875 0.605556 0.059375 0.0555556 0.830566
2 0.330078 0.555556 0.114844 0.0833333 0.853516
2 0.430859 0.590278 0.132031 0.122222 0.885742
2 0.607422 0.605556 0.0554687 0.105556 0.910645
2 0.935156 0.604861 0.125 0.0902778 0.915527
2 0.797266 0.604167 0.103906 0.0861111 0.916016
2 0.535937 0.615972 0.123438 0.140278 0.93457
2 0.0683594 0.608333 0.136719 0.2 0.935059
2 0.0699219 0.843056 0.138281 0.297222 0.942871
2 0.711719 0.616667 0.0890625 0.127778 0.943359
2 0.295703 0.681944 0.400781 0.263889 0.953613
