7 0.941406 0.452083 0.109375 0.148611 0.250732
5 0.104297 0.5 0.103906 0.0555556 0.271973
7 0.103906 0.5 0.104687 0.0611111 0.273682
2 0.942187 0.460417 0.109375 0.165278 0.353271
2 0.271875 0.534028 0.05 0.0597222 0.66748
2 0.121484 0.545833 0.0789063 0.0805556 0.697266
2 0.911719 0.516667 0.04375 0.0888889 0.698242
2 0.679688 0.518056 0.0640625 0.0583333 0.785645
2 0.750781 0.510417 0.129688 0.0930556 0.893555
2 0.960156 0.520139 0.0765625 0.118056 0.896484
2 0.0546875 0.559028 0.109375 0.0902778 0.905762
2 0.471875 0.527083 0.084375 0.0513889 0.914551
2 0.584766 0.529167 0.125781 0.0916667 0.919922
2 0.304688 0.5375 0.0953125 0.0638889 0.924316
2 0.184766 0.55 0.128906 0.0888889 0.924316
2 0.860156 0.524306 0.078125 0.101389 0.945801
