2 0.967188 0.643056 0.0625 0.0611111 0.25415
2 0.392188 0.790972 0.040625 0.0875 0.29541
2 0.105859 0.790278 0.0179687 0.0194444 0.307861
7 0.804688 0.575 0.384375 0.833333 0.352783
2 0.0507812 0.784722 0.028125 0.0305556 0.361328
2 0.649609 0.7 0.0804688 0.116667 0.383789
2 0.0128906 0.777083 0.0257812 0.0180556 0.383789
7 0.542188 0.623611 0.276563 0.266667 0.393311
2 0.128516 0.7875 0.0210938 0.0194444 0.409668
2 0.0199219 0.797222 0.0398437 0.0388889 0.43457
2 0.389062 0.756944 0.071875 0.102778 0.48584
2 0.830469 0.64375 0.084375 0.0958333 0.634277
2 0.801562 0.825 0.3875 0.333333 0.70752
2 0.741406 0.672917 0.11875 0.115278 0.885742
2 0.514844 0.7625 0.257812 0.188889 0.891602
2 0.232422 0.794444 0.0726563 0.0833333 0.900879
2 0.310156 0.816667 0.115625 0.186111 0.912598
